# map-format=hex3
003003003003003003003003003003003003003003003003003003003003003003003003003003003003003003003003003003003003003003003003003003003003003003003003
003001001001001001001001002004003001001001001001001001001002001001001001001001001003001001002001001001001001001001001001001002001001003001004003
003001001003001002001001001001001001001001001001002001004001003001001001001001001002001001001001001001001001001003002001001001001001001001001003
003001002001001001001001001001001001001002001001001001001001001001001001002001001004001001003001001001001002001001001001001001001001001001002003
003001001001001001003001001001002001001001001001001001001001001002001003001001001001001001001001002001001001004001001001003001001002001001001003
003001001001001001001002004001001001001001001001003001002001001001001001001001001001001002001001001003001001001001001001002001001001001004001003
003001001001002001001001001003001001001001001002001004001001001001001001001001002001001001001001001001001001001002001001001001001003001001001003
003002003001001001001001001001001001002001001001001001001003001001001002001001004001001001001001001001002001003001001001001001001001001002001003
003001001001001001001001001002001001003001001001001001001001002001001001001001001001001003001002001001001004001001001001001001002001001001003003
003001001001001003002004001001001001001001001001001002001001001001003001001001001001002001001001001001001001001001001002001001001001004001001003
003001001002001001001001001001001001001001002003004001001001001001001001001002001001001001001001003001001001002001001001001001001001001001001003
003001001001001001001001003001001002001001001001001001001001001001002001001004001001001001001001001002001001001001001001001001003001002001001003
003003001001001001001001002001001001001001001001001001003002001001001001001001001001001001002001001001004003001001001001001002001001001001001003
003001001001001002004001001001001003001001001001002001001001001001001001001001001002003001001001001001001001001001002001001001001004001003001003
003001002001003001001001001001001001001002001004001001001001001003001001002001001001001001001001001001001002001001003001001001001001001001002003
003001001001001001001001001001002001001001003001001001001001001002001001004001001001001001001003002001001001001001001001001001001002001001001003
003001001001001001001002001001001001001001001001001001002001001001001001003001001001001002001001001004001001001001001001002003001001001001001003
003001001001002004001001001001001001001001001002001003001001001001001001001001002001001001001001001001003001001002001001001001004001001001001003
003002001001001001001001001001003001002001004001001001001001001001001002001001001003001001001001001001002001001001001001001001001001003002001003
003001001003001001001001001002001001001001001001001001001001002001001004001001001001001001001002001001001001001003001001001001002001001001001003
003001001001001001002001001001001001001003001001001002001001001001001001001001001001002001003001004001001001001001001002001001001001001001001003
003001001002004001003001001001001001001001002001001001001001001001001003001002001001001001001001001001001001002001001001003004001001001001001003
003001001001001001001001001001001002001004001001003001001001001001002001001001001001001001001001001002001001001001001001001001001001002001001003
003001001001001001001001002003001001001001001001001001001002001001004001001001003001001001002001001001001001001001001001001002001003001001001003
003001003001001002001001001001001001001001001001002001001003001001001001001001001002001001001004001001001001003001002001001001001001001001001003
003001002004001001001001001001001001003002001001001001001001001001001001002001001001001003001001001001001002001001001001004001001001001001002003
003001001001001003001001001001002001004001001001001001001001001002003001001001001001001001001001002001001001001001001003001001001002001001001003
003001001001001001001002001001001001001001001003001001002001001004001001001001001001001002001001003001001001001001001001002001001001001001001003
003001001001002001001001003001001001001001001002001001001001001001001001001003002001001001004001001001001001001002001001001001003001001001001003
003002004001001001001001001001001001002001001001001001003001001001001002001001001001001001001001001001002003001001001004001001001001001002001003
003001001001001001001001001002001004001001001001001001001001002001001001001001001001003001001002001001001001001001001001001001002001001003001003
003001001001003001002001001001001001001001001001001002001001004003001001001001001001002001001001001001001001001001003002001001001001001001001003
003001001002001001001001001001001001001001002001001001001001001001001001001002001001001004001003001001001001002001001001001001001001001001001003
003004001001001001001003001001001002001001001001001001001001001001002001003001001001001001001001001002001001001001004001001003001001002001001003
003001001001001001001001002001004001001001001001001003001002001001001001001001001001001001002001001001003001001001001001001002001001001001001003
003001001001001002001001001001003001001001001001002001001004001001001001001001001002001001001001001001001001001001002001001001001001003001001003
003001002003001001001001001001001001001002001001001001001001003001001001002001001001004001001001001001001002001003001001001001001001001001002003
003001001001001001001001001001002001001003001001001001001001001002001001001001001001001001003001002001001001001004001001001001001002001001001003
003001001001001001003002001004001001001001001001001001002001001001001003001001001001001002001001001001001001001001001001002001001001001001004003
003001001001002001001001001001001001001001001002003001004001001001001001001001002001001001001001001003001001001002001001001001001001001001001003
003002001001001001001001001003001001002001001001001001001001001001001002001001003004001001001001001001002001001001001001001001001003001002001003
003001003001001001001001001002001001001001001001001001001003002001001001001001001001001001001002001001001001004001001001001001002001001001001003
003001001001001001002001004001001001003001001001001002001001001001001001001001001001002003001001001001001001001001001002001001001001001004003003
003001001002001003001001001001001001001001002001001004001001001001003001001002001001001001001001001001001001002001001003001001001001001001001003
003001001001001001001001001001001002001001001003001001001001001001002001001001004001001001001001003002001001001001001001001001001001002001001003
003001001001001001001001002001001001001001001001001001001002001001001001001003001001001001002001001001001004001001001001001002003001001001001003
003003001001001002001004001001001001001001001001002001003001001001001001001001001002001001001001001001001003001001002001001001001001004001001003
003001002001001001001001001001001003001002001001004001001001001001001001002001001001003001001001001001001002001001001001001001001001001003002003
003001001001003001001001001001002001001001001001001001001001001002001001001004001001001001001001002001001001001001003001001001001002001001001003
003001001001001001001002001001001001001001003001001001002001001001001001001001001001001002001003001001004001001001001001002001001001001001001003
003001001001002001004003001001001001001001001002001001001001001001001001003001002001001001001001001001001001001002001001001003001004001001001003
003002001001001001001001001001001001002001001004001003001001001001001002001001001001001001001001001001002001001001001001001001001001001002001003
003001001001001001001001001002003001001001001001001001001001002001001001004001001003001001001002001001001001001001001001001001002001003001001003
003001001003001001002001001001001001001001001001001002001001003001001001001001001001002001001001001004001001001003001002001001001001001001001003
003001001002001004001001001001001001001003002001001001001001001001001001001002001001001001003001001001001001002001001001001001004001001001001003
003001001001001001003001001001001002001001004001001001001001001001002003001001001001001001001001001002001001001001001001003001001001002001001003
003001001001001001001001002001001001001001001001003001001002001001001004001001001001001001002001001003001001001001001001001002001001001001001003
003001001001001002001001001003001001001001001001002001001001001001001001001001003002001001001001004001001001001001002001001001001003001001001003
003001002001004001001001001001001001001002001001001001001003001001001001002001001001001001001001001001001002003001001001001004001001001001002003
003001001001001001001001001001002001003004001001001001001001001002001001001001001001001003001001002001001001001001001001001001001002001001003003
003001001001001003001002001001001001001001001001001001002001001001004001001001001001001002001001001001001001001001001003002001001001001001001003
003001001001002001001001001001001001001001001002001001001001001001001001001001002001001001001004003001001001001002001001001001001001001001001003
003002001004001001001001003001001001002001001001001001001001001001001002001003001001001001001001001001002001001001001001004001003001001002001003
003003003003003003003003003003003003003003003003003003003003003003003003003003003003003003003003003003003003003003003003003003003003003003003003
